P -205, 190, 0, 255, 255, 255, 1, Best_Vendor_Price
P -205, 240, 0, 120, 200, 255, 1, Indifferent
P -205, 280, 0, 120, 200, 255, 1, CHA_103

P 300, 120, 0, 255, 255, 255, 1, Other_Factions
P 300, 170, 0, 0, 255, 120, 1, Amiable
P 300, 210, 0, 0, 255, 120, 1, CHA_92
P 300, 260, 0, 255, 120, 120, 1, Apprehensive
P 300, 300, 0, 255, 120, 120, 1, CHA_132

L -320, 210, 0, -90, 210, 0, 0, 120, 200
L -320, 290, 0, -90, 290, 0, 0, 120, 200
L -320, 210, 0, -320, 290, 0, 0, 120, 200
L -90, 210, 0, -90, 290, 0, 0, 120, 200

L 190, 140, 0, 400, 140, 0, 140, 180, 60
L 190, 320, 0, 400, 320, 0, 140, 180, 60
L 190, 140, 0, 190, 320, 0, 140, 180, 60
L 400, 140, 0, 400, 320, 0, 140, 180, 60