P -607, 550, 0, 255, 255, 255, 1, Thurg_Gate_Potion
P -607, 595, 0, 255, 255, 255, 1, From_Bank
P -607, 640, 0, 255, 255, 255, 1, 3_Crystalline_Silk
P -607, 685, 0, 255, 255, 255, 1, 1_Small_Brick_of_Velium
P -607, 730, 0, 255, 255, 255, 1, 2_Small_Piece_of_Velium
P -607, 790, 0, 255, 255, 255, 1, From_Pottery_Merchant
P -607, 835, 0, 255, 255, 255, 1, 2_Glass_Shard
P -607, 880, 0, 255, 255, 255, 1, 1_High_Quality_Firing_Sheet

L -815, 560, 0, -400, 560, 0, 50, 255, 255
L -815, 900, 0, -400, 900, 0, 50, 255, 255
L -815, 560, 0, -815, 900, 0, 50, 255, 255
L -400, 560, 0, -400, 900, 0, 50, 255, 255

L -815, 750, 0, -400, 750, 0, 50, 120, 120

P 420, 300, 0, 255, 255, 255, 1, Unfired_Velium_Vial
P 420, 345, 0, 255, 255, 255, 1, In_Pottery_Wheel
P 420, 390, 0, 255, 255, 255, 1, 3_Crystalline_Silk
P 420, 435, 0, 255, 255, 255, 1, 2_Glass_Shard
P 420, 480, 0, 255, 255, 255, 1, 1_Small_Brick_of_Velium

L 250, 350, 0, 590, 350, 0, 220, 80, 80
L 250, 490, 0, 590, 490, 0, 220, 80, 80
L 250, 350, 0, 250, 490, 0, 220, 80, 80
L 590, 350, 0, 590, 490, 0, 220, 80, 80

P 420, 550, 0, 255, 255, 255, 1, Velium_Vial
P 420, 595, 0, 255, 255, 255, 1, In_Kiln
P 420, 645, 0, 255, 255, 255, 1, 1_Unfired_Velium_Vial
P 420, 690, 0, 255, 255, 255, 1, 1_High_Quality_Firing_Sheet

L 250, 600, 0, 590, 600, 0, 250, 180, 130
L 250, 720, 0, 590, 720, 0, 250, 180, 130
L 250, 600, 0, 250, 720, 0, 250, 180, 130
L 590, 600, 0, 590, 720, 0, 250, 180, 130

P 420, 780, 0, 255, 255, 255, 1, Velium_Purifier
P 420, 825, 0, 255, 255, 255, 1, Say_'velium_vapor'
P 420, 870, 0, 255, 255, 255, 1, to_Frundle_Frenkler

L 250, 785, 0, 590, 785, 0, 130, 250, 130
L 250, 890, 0, 590, 890, 0, 130, 250, 130
L 250, 785, 0, 250, 890, 0, 130, 250, 130
L 590, 785, 0, 590, 890, 0, 130, 250, 130

P 420, 960, 0, 255, 255, 255, 1, Vial_of_Velium_Vapors
P 420, 1005, 0, 255, 255, 255, 1, In_Velium_Purifier
P 420, 1050, 0, 255, 255, 255, 1, 1_Velium_Vial
P 420, 1095, 0, 255, 255, 255, 1, 2_Small_Piece_of_Velium

L 250, 1010, 0, 590, 1010, 0, 90, 90, 180
L 250, 1110, 0, 590, 1110, 0, 90, 90, 180
L 250, 1010, 0, 250, 1110, 0, 90, 90, 180
L 590, 1010, 0, 590, 1110, 0, 90, 90, 180

P -505, 389, 22.4, 130, 250, 130, 1, Frundle_Frenkler
P -505, 434, 22.4, 130, 250, 130, 1, say_'velium_vapor'
P -193, 260, 1, 255, 100, 100, 1, Pottery_Wheel